2019.6.16
  208 336 648 677
  
2019.6.17
  211 692 1023  
  
2019.6.18
  684 737 685 1032
  
2019.6.19
  130 53 53(follow up) 62 63 64(62的变形) 70 91 120 121 152 198 300         13
  
2019.6.20
  303 304 322(*) 338 343(*) 413 264(*) 276 279 357 368 139 72         13
  
2019.6.21
  377 392 416(0-1背包) 523 516 494 646 673 931 877   10
  
2019.6.22
  718 474 718 746 837    5
  
2019.6.23
  1025 1055 1027 873 898 1048 978 115 1024    9

2019.6.24
  95 96 213 221 32 486(*)        6
  
2019.6.25
  813 410 98 100 101 124 105 106 108 489     10
  
2019.6.26
  104 109 111 112 113 110 116 117 129 130 114         11
  
2019.6.27
  199 133            2
 
2019.6.28
  200 257 261 323 207 366      6
  
2019.6.29
  339 364 394 1026 1020      5
  
2019.6.30
  988 1061 979 971 886 897 872 863 851 841 802    11
  
2019.7.1
  559     

2019.7.2
  785 733 690 547 515 513 531 533 756       9
  
2019.7.3
  721 695 694 542 529 491 430       7
  
2019.7.4
  490           1
 
2019.7.5
  897 851 802            3
  
2019.7.6
  971 785 834 430 491         5
 
2019.7.7
  394 542 721            3
  
2019.7.8
  207 210 1110 756 439         5
  
2019.7.9
  10 17 22 39 40 46 47 77 60          9
  
2019.7.10
  78 90 79 93 89 216 254 131 294 306    10
  
2019.7.11
  320 351 357 784 842 401 526       7
  
2019.7.12
  267 126 842 1 2 3 41     7
  
2019.7.13
  5 6 7 9 13 11 14 15 12 16 8      11
  
2019.7.14
  18 19 20 23 24 26 25 28 27 31 35 34 33         13
  
2019.7.15
  38 48 49 53 55 61 58 66 56 36     10
  
2019.7.16
  54 59 67             3
